4095	11152	52343	396419	7203665	92579601
2081	3745	29151	639725	6349289	93926027
1956	3595	36958	473595	7772524	102492522
1335	7307	31247	568879	9632076	111825679
3086	5810	48251	457220	14470360	120501961
2274	63267	33103	567844	6369793	106863370
1515	5493	33430	430251	9383460	108222914
2083	5454	30721	514450	8877440	111857386
2046	3904	30255	540786	9223268	109500665
1568	8369	49257	538966	14154010	96868261
3044	7740	47516	647750	5959201	93045180
2239	4501	32231	915574	6052828	96696688
1292	9992	163691	691327	8643888	103505439
1326	11434	49290	877222	5687407	91248994
1701	3510	32447	701733	7463975	95834312
2879	10520	31664	516846	5640335	91274130
3947	8147	167524	620234	6002398	90821669
1454	4914	32644	541732	6178607	90829075
2849	4096	42397	611911	6016602	91327141
1534	4049	30813	589588	5987929	93461613
1635	3654	30914	602562	8267830	91690547
1281	9952	68843	694347	7257346	92014278
2573	4076	29230	673065	5612670	90007796
2051	3833	29703	492693	5726309	92693473
2310	3861	117289	494168	5713173	90512690
2115	11746	33888	646603	5884303	87634554
1873	9598	32366	417995	5456931	91525661
1866	10780	29541	559250	5576415	91688834
2339	4162	42194	609546	6871833	88395591
1830	3638	37427	490178	5527706	90844837
1269	14710	28939	387424	6600284	87129501
1635	3518	29919	428770	5499138	92162171
1543	4119	136188	424588	6874630	91560838
1757	3485	31429	545714	6292349	89223955
1282	15099	31518	812639	5853211	89557707
2745	12155	30498	661853	5972792	84913982
3131	4588	35908	465390	5856506	87769888
2269	17755	179463	736156	7168231	106394301
1898	4160	29496	554020	7180099	95517680
1446	3896	30244	671367	8396854	99422211
1324	3308	30800	492130	6068656	86611731
2331	4000	29015	568555	5420494	89261602
2252	3960	60154	810749	8468936	89189312
1984	3807	30167	1279831	9770686	93471969
2165	4331	29276	699428	8282639	94578454
2471	3695	30233	964319	9247613	90396103
1711	3960	29723	578060	5827806	88201663
1819	4435	37520	426280	5982060	84703880
1329	3143	29986	588921	5675096	91867899
1718	41372	31139	400373	5758790	91401712
1211	12196	28593	464093	5298218	91567587
2108	3919	50834	750446	5585287	95928005
1641	3407	25252	404508	6327697	91354367
2504	11866	31564	599059	8636621	91253020
1630	3281	30449	378814	5777148	92331924
1297	3709	37651	785552	6807991	89499489
2423	3819	31779	532412	6273905	89164907
2045	9981	32339	417071	6625165	88300937
1930	9381	206547	400466	5611148	84493299
1330	4002	29680	451844	5705108	91222513
2083	10107	29780	504417	6272270	85925606
1219	3778	29422	577720	5796893	88709735
1500	3770	31940	416899	5667315	87639776
1405	4158	31655	411812	6013498	85063992
1313	3675	37423	448764	5648576	87574877
2099	19210	112943	588527	5676033	95105785
1993	9433	29672	437593	5613894	96521213
1913	3862	29413	741361	5870975	87121594
2561	3609	49766	548599	5381960	90345440
1738	3911	29668	516467	5383812	85238072
1901	9927	39705	578429	5659964	91141418
1718	3099	32176	558407	5757742	93303256
1323	10829	30956	418696	7578682	90483037
2157	3324	31900	540290	5738858	85065334
1897	3703	54208	461616	6451250	85178362
1480	3917	29740	559238	5642379	90334715
1345	4136	30839	453247	5828954	86559492
1611	9692	30699	544230	5616261	89184595
2261	10656	31626	515163	6227937	86425203
1900	3851	30098	413796	5343879	87290304
1961	3625	35975	644324	7664886	91689416
1690	4855	31223	430918	5488555	87927682
1315	3609	29718	398656	5595698	87341347
2028	3558	69486	678018	6443739	89339804
1163	3392	29802	471776	5592482	84664737
1801	3661	28785	463069	5850499	91203433
1780	4129	32785	356562	6567058	88435444
1683	3144	31445	543185	5841922	90150380
1700	3229	33607	339829	6181638	88982490
1390	3710	29945	597715	5783261	91034703
2090	10744	130255	579453	5891005	89829835
1870	37035	41087	521286	5627491	91229145
1664	8599	31519	400265	5742786	89539207
1566	13664	30367	562980	5903023	84510625
1276	3513	28991	826924	6481816	89334002
1264	3279	28498	398208	5688072	90718705
2486	11269	34977	572520	7990262	85483014
1833	3929	28981	711846	5343170	90398789
2552	5850	29951	564904	8369103	90690516
1719	3750	28770	627278	5481096	89026207
2092	3437	30679	692285	5590780	87973568
1668	4152	29790	522799	5632371	88482711
1555	3047	30945	430629	6105224	88923444
1331	4861	30638	585926	6306219	84217928
1779	3140	31806	747051	6193133	85915723
2071	4697	34770	505605	6082690	87868235
2173	4326	30155	403978	6930437	93156375
1056	3917	30389	510340	8019371	97630249
2327	3565	63664	583790	5816806	91905924
1579	3286	31759	404428	5782926	90086635
1472	3716	31004	421375	5959744	90399701
1763	20938	31914	421754	6052137	111537058
1587	3805	30906	417921	5881819	88897176
1449	3756	31111	507434	5567034	90473797
2706	4635	109786	651479	5786319	89365726
1265	4364	72820	579567	5766976	85816638
1576	4010	27077	396750	5052270	85799689
1609	3161	31884	403393	6112099	88419664
1458	3369	33609	658377	5714411	88103049
1608	8174	31846	411254	5840816	88765486
2203	10302	44256	744813	5736707	89948394
1667	3243	33632	549218	6034798	87291813
1670	3421	31533	410646	5592764	107497756
1548	3261	31090	401570	6288143	91741851
1548	2978	65075	484359	6782500	87958727
1071	3883	29611	701404	5898160	86459437
1358	3112	29866	623046	5510628	90170829
1840	3994	174426	763827	8212974	91804448
1788	15462	28669	716781	11218730	92507601
2250	11717	34390	887227	8171996	92721385
1856	7323	29755	647536	5511016	95990963
1455	13831	31204	425342	5754217	90046247
1607	4092	30527	658358	7177667	89681635
1534	4321	32164	421512	6206676	90845536
2158	3533	31039	448145	5903135	89988702
1755	3208	33160	417385	7099417	111525694
1345	2964	75179	911236	7679304	95583271
1304	2898	31272	588161	6852914	93500237
2534	4656	31196	433147	5790130	87278710
1734	3306	30209	437534	7799836	86391099
1531	3513	192338	399948	5769027	89928127
1237	5519	56440	734889	6252858	87131982
3030	3360	31961	708601	6355681	85018588
1829	3264	110441	568296	5780043	89488643
1688	4641	30966	582744	5889825	90407690
2213	4648	31329	684915	5937500	86958684
1406	3094	30059	400136	6685591	85106498
2668	3232	79219	719798	6486240	91991940
1508	3079	31524	851197	6679212	90826417
3043	20867	50824	563527	5586673	89361747
2510	3467	53638	489769	6332285	86825105
2156	10929	30525	455880	7166263	89609992
3543	5573	108259	604283	5921740	85276822
1357	9819	30567	553451	6149844	84325326
1182	4494	29641	473569	6067346	90624691
1751	3362	33033	591005	6142104	84536238
1283	12648	31564	414336	5852990	89247944
1948	4215	30892	840937	7076727	84854027
1297	3031	27836	481370	5525902	88968716
2046	16512	38787	592861	8468083	85879694
1890	3632	29579	400007	5463112	84953728
1981	7278	29208	418568	5662769	93465535
1756	3949	61480	770478	5585947	89576515
1863	3416	30650	601528	5880532	86023895
1648	8873	32562	474980	5648829	94544807
1163	3592	114322	459963	5930696	89712062
1689	4833	30722	619022	6197997	86209980
1637	3301	32996	448625	5647509	93889898
1726	2933	30279	399514	5762139	91976689
1620	20694	30388	425144	5961501	89965399
1431	3418	31848	418263	6019557	92318516
1647	3273	29099	520478	5704524	88349533
1429	2908	31345	665465	5897318	89017624
2037	4358	29628	411415	6035421	88458495
1603	5196	36594	416842	6146478	89944717
1457	3946	31360	631763	5704374	89006643
2156	10022	30881	418201	6328609	88936284
2342	9801	30410	753459	5915912	88438092
0	4696	30481	499035	5790422	89060773
1285	9168	31625	527298	6043134	89661437
1867	3824	29219	401694	5696373	85657984
1058	3573	28790	665409	5547425	87456866
1241	3051	29808	1648684	6690811	100407711
1934	3151	29766	509713	5589370	86317156
1859	3272	29384	504027	5858850	91090458
1216	3771	29884	485128	7557005	90616682
1863	5044	31431	580067	6208834	86511265
1594	3194	29968	461108	5618153	90187020
1707	3833	139969	653212	5621826	86720695
1533	10497	31118	500994	5811540	86875501
1674	51751	48735	584862	5858093	93462473
2353	3521	30266	481069	5806537	91028304
1897	15532	142111	533977	7506976	92580837
1231	13885	30071	600509	5576836	90479909
2493	3215	116248	481358	5982930	90663539
2717	3711	33008	479765	6215772	86938416
1680	12521	48224	622486	7561098	87390668
1221	2989	35586	493183	6314113	87274367
1656	3038	29646	401120	7734171	93752889
1422	9409	29557	562700	5700578	89662894
1735	17161	31111	462601	6749455	85574470
1618	3544	144864	644902	6164751	90870680
1518	9714	28823	615499	5338782	86142253
2527	3948	29608	512170	5450999	90633702
1880	3458	30335	615074	5898737	86392089
1491	3554	32413	505765	6471999	89779458
1720	3438	30512	554943	5843291	89625062
1490	3957	30828	418289	6064933	88604334
1229	3103	44251	463392	5938429	87734366
1797	15247	30434	569415	5379997	90592413
1614	11320	31280	658346	5896929	84958600
1381	20754	29811	678801	6789511	90460353
1584	3654	31517	1164798	8035854	92133342
1772	3664	30988	1041115	6282701	116417620
2073	6319	32732	693640	11806317	101205442
1690	3889	57990	520310	6091354	92353686
1549	3842	31241	422716	5793884	91726421
6218	3667	64544	1613269	8016554	91998994
1456	13458	66489	606733	5515057	84794754
1469	3135	30606	431298	6159865	92042762
1333	3213	44947	547339	5814108	87653658
1405	10271	29590	328790	8005426	87813109
1448	2895	27574	392969	5477939	90338640
1511	3953	289237	736056	6207692	90944178
1718	3527	60260	626158	7742230	93503124
2358	3797	31003	588847	6318327	92779329
1640	3011	30957	400422	5980555	89017290
1168	16894	34276	614762	6022663	90521866
1260	32446	54012	577210	6680984	90111127
1162	3592	51939	638647	5895761	87870341
11132	10135	30748	688576	7675043	95183645
1909	3556	29149	675665	9215940	94945177
2461	4087	40831	417922	5821819	90522520
2146	19791	31251	606501	5753572	90215056
3086	10121	29553	461482	5688525	89615396
1520	3364	29844	401730	5823777	88605818
1399	3928	30260	419032	7522752	88256597
2149	11748	29413	408545	5942741	95974795
1956	11549	41373	604286	5988728	90921142
2504	5001	31261	579251	6214361	90316419
1306	3816	55355	586691	6098245	91757087
11627	4788	31347	538301	5545835	90317930
2570	4573	34471	0	9555753	126768137
2070	10860	30592	1006835	7698753	94002886
1880	10303	30880	1089813	5892050	98918220
1909	18752	31411	788354	6462874	91035997
1713	4211	118957	591056	7624776	90946938
3248	12620	43819	355978	7138630	95983697
3051	9568	30638	893095	5872069	99130189
1884	3665	31132	1416252	6097021	94376221
1727	5269	29271	582505	5846637	90979778
2018	3975	29575	506504	8153422	93907422
1636	100762	58495	428767	5855310	90212860
1553	3173	32496	628298	6091377	92620203
1837	3994	30885	419800	6424003	90550211
1132	18246	31944	584234	5885026	85835459
1563	7844	57715	473341	6269210	89248996
3370	12600	32418	418378	6142100	89889935
2069	3250	32102	650755	6690439	90533307
1445	2849	31029	723979	5924857	83514391
1732	9662	117200	500194	5789471	89526979
1803	9173	32739	260610	6440770	87037619
2061	10396	30611	752895	5359986	89018343
1487	10805	30169	453132	7873929	91575897
2491	3769	31356	605084	6912699	89344184
1702	10266	30275	856561	8218667	87103648
2138	10823	29796	401713	5626413	89784173
0	3891	37976	831390	5586422	91232897
2202	3335	31818	554702	6321084	90054816
1903	11759	55340	571134	6446713	91289990
2036	4102	30321	565895	5723915	89655699
2151	12203	31539	495040	6342586	91048539
2051	128040	32518	528280	5863388	93339969
1521	8924	38467	849890	10562159	91617761
1728	3702	116961	1428453	7633432	91906736
1907	4576	30540	590479	7594507	90938708
11289	11280	33072	502123	6009055	86705216
1529	10701	28978	469159	6007884	91111366
1787	14513	38556	742493	7780852	94527013
1733	3526	31653	561990	6159321	90534750
1640	3632	31465	569971	5748842	89876465
1783	4312	32186	610268	5952217	89473807
1932	3767	59741	529927	5695856	85689078
1171	16442	64363	766561	5471807	89560088
2595	10430	31038	418000	5807202	89275069
1605	3607	30190	607573	5807113	90201112
2128	4479	30969	529766	6208537	85082006
1575	4234	29362	399468	5736117	84949370
1536	8180	31744	520018	6193429	89175006
1517	11953	30157	606491	9672125	88674709
1850	3302	29293	527359	5947859	86061864
1683	7943	30340	285806	6288510	98848610
2007	41400	29821	755581	7428313	102821661
1757	10303	117482	745817	9302774	96972385
1758	3561	46756	761964	8578322	92806476
1513	3630	30708	625752	5834647	89492587
1552	3476	30937	249645	5545434	92728881
31933	4673	32246	416349	5777202	85914961
1744	10491	31647	414392	6966554	91583191
2199	58760	31268	542538	6005200	91709399
2384	5267	42353	418634	6750133	93712960
1499	3450	32342	402272	7003698	89004042
1324	3215	150693	508428	5381312	91653864
2232	3673	29963	563134	5666920	94061469
1890	4640	29785	468226	8391525	91055211
1790	18284	56710	933955	8318100	88800239
2053	3490	30501	486806	5662538	90117554
1488	3931	33082	531896	5932061	86547296
1940	3841	82495	545431	5640990	87024686
4046	3688	177151	588413	5756575	89787956
1779	10384	31447	418033	6924339	92118574
1298	21815	31829	601894	5875874	89569485
1490	3913	33147	416233	6312458	85733554
1652	4970	30893	401870	6005721	88113443
2231	3571	30972	481331	8050736	86710525
1623	3909	31076	582952	6126411	90272833
1477	11303	30316	555609	7639098	88912635
1666	9061	30972	706213	5800558	95171370
1451	3759	29698	837677	7483227	94911745
1293	4235	32049	757230	7585575	96261655
1511	2657	28377	543230	6841515	96488983
1823	3892	30553	776918	5707345	88216565
2467	9658	30471	430936	9285469	98390744
2201	10931	30104	518205	6173958	90138132
4390	4920	29981	424724	5812636	90822501
2027	17386	31719	517745	5920335	88115867
1758	3643	31840	642276	5597200	91039880
1643	14073	31765	599669	6215706	91183400
1627	3908	32222	399882	5758200	91677480
1759	4542	30951	418193	6086507	93986393
2847	139070	74593	780871	8277016	113279754
1907	3844	28589	878897	7053375	98738088
2037	9915	67946	601702	8056756	96174673
1857	3634	31026	656543	6174386	85770449
1440	4032	29152	530585	5868203	88979710
2093	3290	30186	417694	5599652	87492192
2411	2866	31875	619653	5834841	87670891
1597	3748	29661	316600	5566601	87673128
1567	3240	29859	467610	5506588	89576532
1847	4229	39023	422582	5964968	91811760
1853	3327	30857	649040	5648296	90184319
2249	4045	30357	547826	5946280	89454553
1699	4305	31383	634751	5828074	87018404
1750	8366	29723	554086	5997866	89363821
1372	3597	30686	645392	5970814	90591480
1921	3757	34478	423033	5725690	88982819
1556	3479	52441	402327	8816378	100036305
2346	3703	31526	523750	6141706	91717285
1920	3346	29867	532406	5499150	89501022
1912	5363	30504	508258	6211776	87699781
1167	12085	43302	523442	6191506	85823980
2406	4794	29845	245398	5953011	85418926
1612	3840	29893	714346	5840503	87826531
1669	3149	38958	431411	5990214	86393879
1289	4077	30112	484416	5623455	87322956
1129	4369	30819	849517	5704673	87634864
1815	14063	30436	480371	6377879	86354640
4429	9736	29942	759508	5578850	89157348
2357	3806	51413	552743	5982585	87808771
1436	10673	38024	405928	6524454	88926731
1967	3561	30271	423132	7537515	92385000
2417	3134	29761	526574	6283795	108716846
1150	3416	24454	470436	5129814	97880398
28296	3741	31420	897817	8551465	94723405
1611	4181	30333	644046	8800422	89094014
2039	10183	28917	401135	5443145	85586269
2129	2890	29191	759743	5466906	88883798
1577	3662	30813	537864	6230307	86788803
1339	12811	27367	355679	5213321	93165671
1815	3673	30890	407748	5922727	91639222
1737	9629	29738	766739	5463455	93366853
2377	7156	56644	621224	3436668	122996697
1504	12264	0	2511190	7249740	93324125
1483	16982	210831	1201319	7677625	95615078
1661	4105	30133	1063943	7945856	89161322
2426	11927	31066	854448	5455728	85765628
1503	10437	31104	564784	5841378	91126214
1584	15648	32361	571955	6319966	89542354
1648	9740	30712	516547	6624186	85401580
1224	5352	35618	616155	6485403	93417535
1378	3010	30705	534134	6253510	86500607
1405	4027	30613	592029	5862837	92448507
3330	27892	30883	597439	5852592	85754950
2175	8553	31123	597592	9472417	92401597
2000	3926	30799	1139183	7756866	91819168
1771	3466	113179	595645	7831161	94687188
3351	5045	122953	693755	7459060	92427746
1818	21017	29890	610959	5663315	86899412
1534	3098	29193	471898	6125944	89422513
1259	143019	31397	687231	5966720	93915056
2278	5461	32439	730591	7205354	108660086
3294	5654	40891	611324	8188053	98474648
1991	3384	30224	511507	6008799	92092656
2000	3768	30566	521711	5853110	87962186
1839	3759	29238	387087	9291477	94296471
1937	13440	30473	417718	6253108	89853695
1399	13108	30334	636946	5935352	87688720
1876	3933	31085	480931	5706923	91595746
2150	10396	58071	502068	5348290	85167552
1651	3273	32196	362302	5780307	85858469
1572	3304	30836	399827	5394921	90161152
1581	4646	29466	696153	5483376	86530630
1533	8236	31993	454123	5746707	91328064
1679	3068	34750	405271	6893048	88423674
2612	3213	30308	418304	6591221	88565035
1958	3884	62919	435500	6654012	89880802
1744	3663	30797	568765	6519637	86857003
1883	10271	120952	695644	5597257	86197553
2076	3752	32579	1675784	6233326	85615588
1648	5450	31568	491959	5940313	88130457
1400	17095	28652	543596	6249740	90579361
2076	9968	31259	623331	5986346	89898050
1624	3686	31980	643559	7845802	87218023
1846	11072	29295	672280	5476162	89328689
1757	3689	30984	403958	6989151	95692347
1833	3634	29972	913835	5692242	100201038
1716	3281	30068	400285	5512907	98645835
1590	10651	31372	537034	6078417	90017652
1855	4063	55140	635570	5603710	87186482
1873	3109	32628	401862	8193509	90034066
2117	11579	31167	417579	6304180	91557080
1691	3983	60712	574887	5971481	86237158
1056	3381	30595	562027	6102268	90375557
1708	4210	38537	418253	5910567	91482725
4397	10922	41812	431889	5747149	87351297
2101	4556	28649	762614	5681913	90534351
1814	5035	30664	686108	6059331	92445220
1516	3549	78821	761805	6960529	89518228
1683	4145	30314	400953	6140404	90217068
1767	4123	31906	539049	7256446	89953069
990	17092	30155	456363	5531990	90988386
1301	4125	31626	721674	5687978	86648560
1505	3396	42136	521246	6534512	89576877
1223	5012	166334	524457	5658822	84786837
1632	3617	31175	306150	5821773	85192203
1478	3601	47399	516481	5933179	86992271
4475	3913	33190	492234	5818129	89795854
1421	17079	31604	542275	6026704	88332528
2271	3923	40389	548587	5748727	95285631
3004	13457	39355	1146146	9007847	177495051
2013	10910	30141	943117	11303873	94187367
1840	3867	29672	542327	5828622	100505103
1350	9616	31260	536823	8512785	96671443
1958	3821	29722	693636	8390138	148129374
1327	3153	26878	722755	7312416	100451741
1583	12245	52981	546760	8287140	88890694
1721	4648	32266	472540	5648768	91072311
2948	23874	38088	513747	5568567	86855919
1416	3757	29377	550750	6036035	90200961
1547	39744	31006	427814	6292224	87907770
2171	11130	29590	398911	5741886	91209130
1978	21352	32200	501923	6149500	90892027
1480	7894	31645	508847	6232902	94285569
2725	4156	34733	631614	5938603	88442910
1442	3212	30422	400571	6020113	113366544
2192	10923	30791	429830	5730530	87397930
1940	3729	30030	495812	5823060	96436582
2088	3492	32934	706932	6058710	92502425
1477	12207	31362	610071	5741124	84682032
1764	3261	29845	638637	6348703	89311853
1680	19464	79159	600436	6421600	89102628
1648	3651	48040	590890	7624452	90192713
1640	3222	51079	632082	6125500	86517848
2893	4696	30524	412674	6147525	88871446
4081	4494	92625	538428	5365189	90166182
2462	3849	31060	493689	5561176	89668602
1584	4128	32303	505893	5577044	85365515
2078	93037	37390	402278	5953363	91960265
2133	4968	30748	402482	6073623	90313413
1831	4103	29169	443482	5596724	91945117
2376	3910	29952	400838	5626285	87352485
1739	4701	179130	484700	5804150	86008664
1285	14509	30831	629716	5620954	89554530
2042	20177	31178	578853	6230321	86006128
1504	4021	29450	666634	6165611	92216208
1912	10273	31197	616493	8849202	89923275
2125	3818	30181	467910	5865049	85679401
1798	21426	42195	600264	6003128	92670331
2129	4323	30417	686299	5945273	90336926
2280	3709	31746	416923	6377948	89754468
2185	14398	31981	539903	6268720	93348343
2804	3743	60401	281091	6257077	89463447
1442	3381	32222	583992	5851249	92415389
1568	8765	31235	432611	6183995	86653449
3311	3189	32072	402054	5547403	93896611
1540	10444	31234	507098	6169832	90394263
1473	3907	34251	605846	5681095	87913865
1575	4629	32132	750743	5917240	85381206
1983	4200	29855	505003	5755891	88850365
1621	9998	29403	434076	6089102	90450683
1240	112480	40857	547666	5929675	91019764
1555	11024	30482	480095	5890676	88115799
1880	3181	30474	274199	5671260	89506203
1508	9781	31882	380043	5965945	90363281
1468	5086	35041	404552	6645797	89474681
1476	11152	31051	554340	5988938	85911675
2253	3745	30431	726263	5740920	88985849
1648	4522	150163	1058233	7295878	90020604
1730	4008	44363	597575	8522033	91635995
1260	4033	31111	1070276	8233116	95929804
3009	4126	29612	837947	8414362	94926648
2504	17006	53975	907307	6142351	96467840
1654	3350	30619	609719	5960836	86954810
11488	3108	44153	623786	5747095	86646908
1375	13145	31077	475882	6174573	86643170
1250	3857	33152	495995	5870155	86753068
1497	4064	29513	444929	5713211	88195946
1712	3350	31925	300378	6185675	91173335
1155	3995	41020	554351	8012749	85181153
2146	9945	33776	474676	5817434	92929145
2369	3882	32146	349655	6470102	91679868
1241	3054	38854	757520	5574013	89840972
1309	3332	30571	732307	6035798	89699551
1490	3632	32271	418030	6138769	89743413
1737	14396	31222	398842	6308985	97555652
1778	9534	31966	418848	6046949	91141372
1619	5638	37564	540167	5984309	90083269
1931	3282	31168	398382	6072887	88963069
2241	4398	104332	763650	5877043	85558985
0	4347	29380	563169	5593012	89757427
2271	3868	126699	466442	5742551	90492538
1714	10288	31138	632963	5766528	86243052
1571	3163	30735	426961	5510490	89498423
1806	203253	30092	557126	5519553	87121911
1596	11709	31587	401688	6035243	95601282
1119	11330	31793	644849	5747802	90231908
1997	3871	31546	416234	6187256	87503706
1069	3782	30240	508974	5670122	89570497
1406	3055	29040	504391	5604826	145791365
3216	11402	107294	733359	7799126	96832869
1770	3693	30983	421277	5969462	89576493
2056	9085	51250	402806	5951507	89053529
1299	5045	29982	638165	5806803	92352676
1618	10175	34271	539861	5643810	87662108
1674	3790	51720	581573	5867747	91747176
2212	11723	79761	478774	6142092	90870685
1208	35170	60382	566482	7351074	88974528
1569	3560	33801	308547	5865072	89227736
2389	11579	30316	526703	6131297	87133329
2265	3889	32246	494117	6279662	88241923
1046	3191	33567	766809	5871759	97734524
2389	3387	30549	400516	5709941	92197257
1588	3786	31023	456811	6048779	90247677
2051	4286	152944	662900	8506239	84828312
1335	10307	29771	537607	6624445	88933863
1773	10293	56916	410723	6312854	89939213
2013	4210	28963	504098	5681606	85909636
1466	3307	29559	534598	5362506	88332869
1008	4396	29282	613450	5427862	89662145
2307	4091	31245	420141	6071938	85893662
2312	9868	29456	405128	5745770	85205217
1939	3161	29755	403334	7360365	89140909
1661	9583	31907	412957	5555876	91725746
1667	3363	29574	425510	8423610	96548605
2117	4421	33922	427521	5898182	89377647
1570	3665	30221	641589	5803533	91138369
1935	11048	33231	565332	5663939	89553622
1809	4072	30328	461890	5622203	90211190
2965	3532	39006	423696	5830880	91184985
1503	12718	30324	657509	5727606	85907636
1562	9131	30763	447821	5975235	86222621
1921	3526	31503	415061	5837283	90652938
978	9714	31441	746649	5783654	89000445
1422	3381	30927	534376	5717190	86088907
1810	3990	29729	519942	5857605	89975156
1496	5284	30127	497609	6073426	88687984
3050	4301	31892	474200	7959183	91265863
2090	10472	30731	816506	8435874	90003974
1397	3618	30004	1176925	5844802	92236043
1787	3635	30963	549691	6318619	86906888
1591	18757	207931	872194	6900229	97749831
1395	4703	30084	513810	5896377	89617257
1392	4745	30938	461184	6178203	86069110
3974	15414	36285	447574	6417588	88668516
1615	35198	30916	432278	5682490	90075923
1605	3522	32175	417495	6280937	86574183
2115	3265	30121	419136	5934635	85608423
1472	6898	53353	498717	6001619	90018688
1694	32730	31398	420747	6029268	95395260
1863	4315	29365	831091	8358671	94632285
2556	3833	29184	877348	6090851	86829650
1974	3556	32574	796077	8308026	96903025
1542	10225	29314	493647	5818116	89197677
2113	3192	30706	516971	5641642	89929311
1385	90951	32063	549812	6212102	89242330
1631	9203	32262	541170	6199553	84481791
2114	9887	52348	400911	5591258	90185400
1627	12765	30511	534362	6240809	85029798
1771	3734	29583	404483	6324970	85035248
1462	3667	30454	401370	6488998	88674820
1846	9462	32793	491798	5682382	86180842
1544	4335	30552	427340	8274640	86809056
1635	9890	36531	524080	5827578	89882726
1556	10767	116820	791929	6926490	86060581
1940	21624	30481	568783	6090684	89564170
1724	19916	33176	525038	6253239	89707615
1613	4117	28731	369385	5151897	92331864
1899	3361	111598	883583	5704887	90876407
1609	9547	28926	462458	5661145	91809161
1404	4952	30302	655947	5762835	89650754
2312	3686	30994	625742	6137865	85354019
1513	7762	29916	1058169	7487401	93065243
1905	9947	29673	402737	5748440	91549822
1821	10513	30938	663146	5552825	89578632
2320	3968	32927	596966	5779631	85278084
1724	3601	35135	649700	5736022	92637338
1976	3779	32974	729631	7556250	91919685
2006	11954	175515	1661254	7327131	89216331
2148	11366	32042	840499	8327048	102693256
1363	3251	65346	420172	5706984	93135817
1626	9229	31040	595941	6604173	87327714
1385	4534	31213	498255	9039298	116548583
1505	10438	116410	494472	6501936	115408051
1405	10840	30414	512133	5898646	90532385
1750	4076	32762	438545	6097121	90529612
2355	7495	33178	625114	6306817	87596052
1531	3779	30738	455385	5860316	88690012
1626	10633	31553	499596	6513550	89663644
2143	11067	31031	514372	6280921	95943213
2375	20294	31494	559955	6433316	88121713
1499	3772	30398	545605	6015311	90374719
1527	3006	40639	833344	5824420	86041638
1786	3488	31157	515418	5384775	91516869
1517	10905	30499	509746	5829313	101374796
1650	11187	35089	500089	6110591	88061040
5880	3823	30478	622231	5736458	91182181
1757	3832	171351	531727	6055649	89695626
1778	4008	29583	401365	5686213	88760379
1737	3946	29708	524639	5574045	87239285
1633	3852	30197	400222	5617068	86864119
1859	13347	31096	438828	5554101	89626497
1780	9514	32311	527012	5784253	85534099
1264	10116	31026	489799	6109752	92012918
1718	3764	32865	418833	6186633	93301320
1857	12580	162755	439176	5939730	89560988
1676	11749	32103	712390	10692020	88276964
1527	4310	30391	519081	5813666	85697691
1266	4952	31202	325917	5991151	89218602
1456	3220	135559	822558	6067038	86479075
1089	4689	29765	508170	6263622	91970012
1316	13506	31195	539096	5982077	91339761
2030	4088	31419	506456	5570789	86986595
1456	3852	37245	401389	5845584	86314220
1769	3218	30613	422563	6176271	88710355
2072	3149	29320	453717	5819126	88716368
1291	3821	30840	527756	5954190	89050695
1635	6374	38557	438995	6188080	89542857
2170	11126	28798	617358	6028411	86864062
1866	3780	38929	539932	5772400	89233402
2021	12087	30447	421705	5981351	89359534
1612	4077	29765	535072	5740450	86397102
1410	4001	113914	410311	5749034	86322090
1839	3557	29855	704134	5847821	89687221
2385	3340	29837	545477	5674114	90060168
1608	3940	34036	630671	6094848	88892102
2250	11580	32499	642011	6479287	86795091
1397	3898	28983	539247	5756602	88998276
2191	10448	38190	521018	5823229	90466527
1858	3131	117283	631669	7910862	89974184
4798	10537	84980	527878	7278758	86541995
1950	9954	29487	402261	5676074	85803691
2457	4135	31493	418235	6360196	90195036
2265	3482	119159	509509	5896766	90449803
1924	13630	30482	477597	5697766	89150968
1485	4495	32322	468968	6401623	91284779
1746	3528	63464	792028	6440017	94747916
1571	3616	30378	484044	5663515	89212458
1748	3096	32190	548146	5902240	87693674
2029	15147	31473	496713	5987288	86494995
1499	7791	29819	404688	5888988	90008015
1416	4403	29757	514968	5880357	86153634
1521	38078	235260	403971	5905306	89087228
1518	3791	30833	418025	6107470	88220553
1680	3585	31268	404805	5536509	87062785
1539	12974	30115	708674	5726552	86496093
1872	3901	64830	566709	5919332	93052806
1184	3763	32857	684549	6696874	93472902
1783	4523	31061	529024	6002354	89842822
2335	13500	31448	654564	6407331	90020112
1630	14662	30798	575543	6305344	85401590
1273	4159	30534	576321	5666079	89373951
2196	3759	31045	499947	6098028	90395636
2183	67859	103801	529994	5918332	89998334
1811	3480	31462	615076	6082476	89560953
2247	9769	29933	426116	6034789	94158312
1470	3125	135037	523149	6388992	90691096
1268	10202	30900	585589	5826945	91201002
1799	13888	31794	514107	6139857	90864752
1825	10993	32038	422653	5807484	92185088
1454	3683	31139	849039	5835266	92438975
1233	3915	29017	594920	5561004	89986903
1557	4628	31438	912728	6284997	91061236
1873	12715	30718	521514	6284672	88924070
1533	3127	30430	522864	6050412	86136873
1391	13213	29453	400919	5754064	89997947
3810	10403	44962	531840	5714892	88105153
2342	2970	31705	396420	6028054	89753323
1299	10428	30989	423467	5972546	87635806
1685	3121	31770	432970	6113895	135079110
1794	3176	28331	532525	5787317	88261299
1797	9798	30781	474758	5869718	89811341
1940	3401	30870	480745	5516969	89597981
3046	4274	30588	745108	5933523	93568269
1984	4827	31711	417877	5918557	90932186
1578	4355	31065	541197	5770336	86431599
2089	10331	31428	517831	5880628	84343220
1043	9915	30278	400991	5618474	88729250
1471	11059	31384	401989	6145647	86386152
5120	13159	248320	458458	14063000	118644301
1852	7774	31365	485469	6345632	91987044
1392	2903	29119	1111650	6647473	94354670
1753	11418	131901	736105	8045404	90085161
1755	3154	31280	630259	5881001	88859985
1658	4144	105204	553041	6296091	89461645
1730	3557	32729	472853	6204282	87153043
1570	4251	29640	399351	5682867	88497898
2667	3492	37426	515541	6294898	91483201
2605	7072	27712	558520	8567473	94768066
1412	3076	29037	910845	5659108	91670269
1779	11919	31674	400426	8656852	98550916
1777	10463	29459	560203	5324285	93679003
2037	67036	33958	634539	5821123	90319722
1944	3721	32322	422062	6142606	92622495
2373	3862	29666	467148	5644109	88887118
1456	11122	34929	541469	5823056	92720752
2681	5000	41613	566158	5681045	95489647
1841	51156	29301	925592	5723882	91527336
2014	10673	30401	808614	8332451	90235616
1943	4148	31055	956468	6626118	96430784
175883	11875	69738	1102863	5835195	98001580
2241	12275	31463	543235	6093374	92463112
1413	10941	30553	505409	5814802	95809636
1381	6725	28700	744184	5357318	85705389
1597	9697	48584	478956	5650571	87691631
1881	9883	29565	400953	5384888	86830858
1848	9217	32520	449958	6150588	90844521
3091	4516	30680	443537	5849935	85671617
1388	4435	34592	585208	5767885	90992526
33715	35807	30048	490748	6114784	88005700
1721	10730	30684	561352	5769142	87369268
1577	4249	30542	354731	9050628	87103076
0	4120	155903	727456	6071252	85649005
1630	3290	29877	536018	5649355	86647265
1598	4615	29763	462924	6146273	89101973
3066	3376	56128	829576	6743869	84869868
2372	5527	47310	607317	5621135	86035068
1836	3273	33784	421129	6027189	92036421
1879	3710	32183	528070	7639618	87800994
2045	4389	31234	1114321	6133262	90487533
1710	4829	32299	332723	7256835	87306610
1480	3592	31154	555269	5853814	87303637
2307	3329	28541	402816	5622301	90381100
1242	5051	32018	513557	6006106	88697967
1994	21105	40810	592238	7190595	90155452
1416	8348	31492	401478	6051889	90946742
2047	4568	31074	522129	5621327	87373679
1850	11544	34512	414946	5655817	92107465
1169	3337	32560	511723	5984517	90686756
1511	4025	31074	675323	5751090	90048410
1856	14739	31615	450597	5788265	85662748
2203	3919	29148	402142	7157935	88499018
1720	4397	30880	313278	6097652	88249735
2104	3058	53185	410064	6149443	100996548
2673	4077	67773	953558	10220408	93719738
1854	3451	31334	574082	7363237	93853106
1957	3756	31807	736362	9092054	94279750
2761	4573	30517	448363	6118585	93263255
1626	8701	31395	400612	7119326	92313911
1526	3540	33289	363979	5923058	91415247
1338	11117	30562	511785	6075452	91384434
1514	4787	31064	586171	5859869	90499049
1743	3392	32546	460991	6173534	105662339
2525	4507	28222	761889	5538569	91232174
1805	10822	32363	557969	5981570	87737078
1941	3313	38949	345230	5258902	91418974
1547	11222	31826	469124	6024273	90626319
1633	16545	33538	591469	7143602	88502439
1400	10507	31176	420021	6504530	91177561
1952	10701	83105	627383	5976539	89954990
1492	3924	31048	569688	6181253	90583319
2513	8942	29928	401617	5725298	100856266
1868	3960	162889	656379	8259021	111725769
2622	3894	26332	331077	6311507	96992810
1562	10009	46270	419367	6577280	94158720
3579	24041	31204	674271	6842114	92762219
1853	4399	29500	398546	7984626	92783484
2506	3793	32779	590526	6122341	92599326
1460	3574	31313	504957	5791216	93369266
1436	11063	31460	496549	6071256	90992212
1785	41474	29402	641366	8628911	92514926
1374	3754	31131	402392	6035805	90162733
1759	10005	30172	400762	8835656	96976748
1912	4712	31519	419395	5872458	109380422
2092	12719	32027	489586	6289737	90623177
2091	3699	31533	540201	6435925	90975076
1742	9733	32278	497804	6481699	96807387
2535	10187	32041	542292	6505677	85786874
1812	3631	31026	401844	8509418	91012034
1947	9586	30280	603619	6788056	84960259
1875	3563	29471	409466	8864180	96889736
3625	6059	42908	839063	6074283	92288570
2093	3635	29163	741933	5566985	87459643
1605	4091	31652	828139	6190203	90044076
1900	3618	31891	419353	5796338	91099693
2720	10199	33408	450279	6251040	86219498
1890	3349	37645	489446	5606761	85650731
1566	3690	30670	484017	5999157	90547691
2243	3364	31519	711761	5833232	86997575
1587	3590	31139	400327	5935740	85017434
1593	3743	29807	782194	8528637	101761844
1672	4437	34305	365532	7229210	101851546
1252	3891	30839	778715	6366199	96908853
1997	4482	31552	514792	7818049	91823968
1540	42433	30250	702262	5800488	94081639
1523	13346	37324	545848	5846992	90990866
1839	4913	31639	592625	6512103	93111876
2048	4754	31582	527599	7684932	86007419
1985	38510	31558	504174	5863702	90562054
1822	3907	31704	556831	5814066	87182527
1617	3381	30611	415293	6011490	89150282
1355	3357	32810	587260	7002119	98321085
2265	11565	35605	648248	6183600	90735684
2456	4060	32489	500902	10358129	96793281
2011	3513	29734	371243	6279387	85946697
107936	11295	28739	436252	5605509	93698456
2595	3760	48721	685522	5766248	89243314
1641	3981	30260	516071	5829973	94031427
1430	4119	31583	757129	5848460	89953089
2075	3217	30534	569052	6005425	91005376
3436	3972	31551	681407	6088794	87710297
2128	20391	31529	587196	5781397	85311662
1539	8389	29810	431278	5642126	84943850
1534	3547	40566	527648	7162127	97081772
2173	3969	30168	516659	6300283	88935267
2045	3957	31704	590708	6231925	90208973
1858	3717	29951	492555	5789078	89082900
1400	3984	32534	601171	6174365	87358550
1585	17140	31612	593824	5874757	86701460
1347	10889	40591	552278	5878552	89908074
2009	5110	33625	691113	6586432	92109990
1948	10287	31074	355366	6297984	88255614
1593	21136	33679	418346	6065508	85950486
1770	3327	30845	501654	5702229	88616575
1266	9978	45125	412750	5879789	89688862
1665	3548	31295	401928	5860738	88023259
2223	4419	59388	515045	5718768	89520093
1801	10257	31085	398642	6127013	86490429
2110	112563	58334	594127	5768993	90386847
1784	3570	30972	536187	6108928	89065144
1220	3878	215958	764512	5816901	89018818
2264	3948	113376	769724	5864083	91064725
2498	3771	30304	415090	8810843	86432768
2321	3370	29892	1047646	9279277	93138091
1996	4266	149877	942563	6908398	90104657
4131	4074	31069	604448	9232567	96781178
1815	3466	30350	640018	6223947	88276489
1783	10547	29406	634592	5891972	92786928
1891	3870	29810	588296	6655462	86091434
2058	4610	29211	411484	5770612	90595283
182982	25599	53140	428819	5942083	91819066
1904	4010	31181	638680	6926624	89920216
1930	10874	32438	419792	5771453	90030674
1844	14255	33654	418680	6153125	86367261
1574	9721	29820	402066	7633640	97376578
1435	4155	30690	429649	6222112	95910899
2285	3782	30295	820942	7620439	90958686
1555	3508	29456	811523	6526911	87419869
2283	3884	50085	363262	5323191	89288652
1595	4104	27778	663696	7573178	92283178
1686	3290	32317	653333	6109179	87891584
2196	5754	163617	413029	5889642	86394729
1464	9210	31402	527540	5680601	90775217
1935	10862	31942	565970	6328960	84906050
4796	3826	30961	516270	5868364	85893091
1960	3044	30179	405595	5574374	89808481
1636	4149	125151	602312	6135200	91118903
1476	3659	30326	431511	6200454	92069555
2218	5664	191508	509601	6046234	85768110
1617	59838	29600	695196	5477123	91216712
1802	3820	31492	400620	5648258	89539735
1968	11385	32671	418641	5918794	89256683
1704	13925	42712	537505	5887318	89748162
1647	3085	29703	517856	5816468	90813100
2508	4139	31750	535763	5926548	86413156
1096	21740	40647	635415	5953059	88647310
1317	20423	58397	576000	5918076	85824467
1657	4018	113055	474707	5817854	92579484
4766	11307	149096	556268	6061881	88619290
1428	4437	30558	401913	6363175	84473452
1737	53694	30522	386052	7024336	89828840
1464	9997	33386	780627	7810478	89878011
1569	3478	30946	507242	8380392	93740582
2067	3452	54166	514505	8140394	93647863
2102	4107	30976	410012	5708611	93545035
1604	3846	29464	403806	5810380	94716375
1494	3353	29985	506730	5869306	90352247
1958	10144	29773	597430	8786509	94670615
1157	4201	30302	1377559	6487527	90061395
1199	10558	30655	861129	6202253	84615981
1643	8714	35838	522580	6699813	85561321
1719	3164	29685	674366	5918330	90302039
1287	13592	32160	605306	5738502	90067019
1441	4158	32894	482886	6421703	86899606
1641	4476	148554	637264	5617655	90471550
2087	9668	31944	829689	6296739	89436929
1749	8270	31255	550367	5733598	88128127
1450	3291	28896	407848	5732570	90773913
2816	14887	32837	542257	6490483	89905420
1400	3084	31862	503390	5975035	86328758
1880	32110	30744	505034	6591012	92898165
1901	3415	30995	550450	5865441	90326876
2471	10883	115029	466626	6150677	90702181
1728	10369	172772	429958	6262722	87423359
1912	3544	33396	554754	5913873	88773536
1683	3730	30258	552634	6374673	89708626
1955	3956	32806	421209	5891841	90652131
1510	3279	30661	415597	6522402	84997978
1319	10907	29833	667298	5677584	90673609
2337	10281	31434	401088	7380782	88928187
1678	83735	29571	649172	5791650	92523907
3743	4750	31039	955555	6217405	92207205
1894	4237	38558	594244	8453567	89501114
2682	4467	31112	670332	5898668	88118138
1438	3302	40336	531063	6274143	90368858
1521	3787	30663	597927	6633178	85927290
1612	3325	31246	400394	6229346	89352733
1932	3711	118113	419616	6427624	88154271
1626	5217	32014	606291	5667222	87378184
1309	3268	37345	470570	6343527	94871813
1648	10589	30404	553373	7623553	88359856
1401	3224	31538	400591	5968058	86630088
1770	3704	29613	512924	5753979	86384893
1583	3715	35805	588765	6351283	91656892
1411	3798	36331	411107	6011821	88076508
1554	4094	30628	412401	5965770	91862069
1288	3607	29659	401681	5539992	90926179
1500	10574	31226	401659	6116301	88073860
1688	10123	30786	419088	5488134	90161714
1592	10906	30190	554046	6034026	85260750
2145	3383	136803	401874	5852039	89215242
1845	3492	182337	421533	6268495	87811592
1390	4724	31087	648541	5795527	91305484
1859	3632	30521	388150	5868950	90841714
1383	4842	40912	617935	5965574	86763685
1996	89037	34368	610899	5799139	88794241
1590	11719	30452	688853	5853839	85503011
1424	11265	28900	647380	5562746	85448458
2441	3706	34685	547672	7192704	86732655
1936	3200	39142	461400	6304058	94335003
1922	11487	29210	401197	5827848	92677313
1418	9428	41743	1143723	20979143	91710848
110867	2996	29403	387623	5844693	95726933
1612	3911	31175	656771	9247851	91517659
1535	3601	32054	429659	6136532	89700568
1592	4107	32372	531611	5884773	89945260
2245	5046	32847	523759	6755936	91825543
2057	9463	40192	417527	6526357	88035407
1433	10152	30553	400054	6985689	95592173
1806	3110	31771	523907	5801340	91401825
1934	10656	30277	647085	5783718	93591934
1606	3522	29357	661843	7103963	108355935
1852	3819	33370	620108	5815475	87308738
2405	3975	30604	539488	6076420	90606955
2275	4298	30782	658096	5893405	85225382
2039	4548	53405	421561	7730988	86184615
1595	11007	30548	627028	6074590	86584283
4598	4680	29331	600483	6895210	91145907
1746	11753	32019	482871	6735438	89514109
1271	8284	30271	402065	5706990	90168546
1069	9751	30767	746863	6176433	86146863
1268	17898	30689	608815	5883303	84128130
2123	3113	30749	531359	6151097	93718955
1929	3165	33431	402137	5906766	95739793
2108	4340	30634	618397	5895006	90973299
1874	10644	31022	604764	8503306	91801721
0	7837	29608	743193	7829759	88011264
1951	12448	31355	515732	5831671	91587236
1894	4094	55701	610017	6467030	85463007
1494	10596	31681	458255	5635385	88047294
1357	8541	41730	641265	6026149	90227936
1588	5613	30350	524856	7238094	92571680
2261	3565	29735	852227	8863299	91666300
1651	3380	30813	319004	6158624	92336857
1861	3378	30391	547467	6129155	93357095
1960	10830	30688	719884	5920100	87348541
1947	9697	29681	469702	5711788	88698324
1424	3660	29542	580174	5853749	85199310
1573	4407	31511	567372	7781583	92422877
1716	7361	29663	1057065	7847339	91770288
1936	3586	29939	2299433	8218812	93738275
1897	12330	31115	568231	5969426	88176621
1599	10264	30936	681261	7339859	91025328
1208	3510	29220	558460	6845698	92512311
1900	4437	32031	417121	6031694	99122089
1887	43743	32655	828535	8086895	92269961
2203	3286	31710	591750	5932585	88323004
1066	15505	42887	603386	5231519	88991529
1710	3994	31368	499730	5940187	89139002
1456	10775	32841	523572	5895519	89275059
1839	3945	30443	638920	5750741	88137978
1793	3672	31313	514559	5861594	89626719
1588	3237	26419	454799	5457818	96497274
2504	5670	53911	598199	6525494	109343239
2123	11368	29347	708604	9028413	97902671
1206	3493	28826	979544	7591916	93869208
1894	2929	31858	478844	5839928	90183931
1541	10675	57929	422619	5916970	88517917
2031	4271	56724	534629	5302112	90226062
1628	3125	31617	530322	5675763	89797744
1420	4000	32438	575525	6250221	86487033
